rgb(84,157,171)
rgb(45,164,206)
rgb(61,157,210)
rgb(45,163,214)
rgb(62,165,220)
rgb(99,119,219)
rgb(86,135,209)
rgb(42,118,253)
rgb(95,113,156)
rgb(99,156,216)
rgb(75,195,222)
rgb(73,125,189)
rgb(64,110,236)
rgb(80,162,161)
rgb(76,109,157)
rgb(82,181,152)
rgb(80,194,218)
rgb(92,116,203)
rgb(70,194,191)
rgb(7,159,222)
rgb(46,105,223)
rgb(62,123,189)
rgb(70,122,235)
rgb(94,144,216)
rgb(3,165,175)
rgb(15,106,209)
rgb(9,198,204)
rgb(71,176,232)
rgb(16,179,163)
rgb(94,160,184)
rgb(20,163,181)
rgb(80,122,165)
rgb(28,128,180)
rgb(84,160,182)
rgb(22,171,225)
rgb(93,183,226)
rgb(39,161,223)
rgb(5,135,216)
rgb(28,171,180)
rgb(8,133,176)
rgb(82,117,186)
rgb(57,128,187)
rgb(49,123,216)
rgb(9,157,239)
rgb(70,134,197)
rgb(50,120,210)
rgb(4,182,177)
rgb(67,169,254)
rgb(77,191,168)
rgb(93,140,227)
rgb(62,163,191)
rgb(4,196,170)
rgb(22,179,204)
rgb(65,103,248)
rgb(45,173,186)
rgb(40,181,182)
rgb(75,142,217)
rgb(90,155,208)
rgb(15,141,253)
rgb(74,199,179)
rgb(54,142,172)
rgb(92,135,188)
rgb(51,148,210)
rgb(47,199,232)
rgb(47,143,203)
rgb(20,121,211)
rgb(78,199,248)
rgb(24,129,232)
rgb(47,153,223)
rgb(29,101,216)
rgb(99,120,176)
rgb(30,155,170)
rgb(84,120,237)
rgb(36,187,184)
rgb(57,141,171)
rgb(95,185,181)
rgb(47,198,181)
rgb(25,103,245)
rgb(80,171,165)
rgb(82,167,150)
rgb(90,116,177)
rgb(71,196,220)
rgb(57,112,208)
rgb(82,103,202)
rgb(47,102,171)
rgb(5,163,154)
rgb(90,142,183)
rgb(8,106,156)
rgb(64,128,203)
rgb(74,160,183)
rgb(3,135,186)
rgb(24,178,197)
rgb(42,129,218)
rgb(48,154,170)
rgb(100,160,182)
rgb(21,196,198)
rgb(54,153,250)
rgb(63,165,160)
rgb(83,150,164)
rgb(67,176,254)