rgb(85,100,49)
rgb(97,120,0)
rgb(90,187,59)
rgb(53,154,1)
rgb(37,156,74)
rgb(72,101,118)
rgb(94,175,71)
rgb(69,197,150)
rgb(50,117,30)
rgb(85,156,62)
rgb(75,184,146)
rgb(38,150,127)
rgb(80,165,98)
rgb(54,159,3)
rgb(35,128,32)
rgb(70,110,19)
rgb(75,165,92)
rgb(40,181,15)
rgb(32,153,30)
rgb(99,180,68)
rgb(95,186,9)
rgb(36,115,120)
rgb(96,177,90)
rgb(54,126,132)
rgb(40,171,40)
rgb(46,103,50)
rgb(99,142,119)
rgb(98,140,150)
rgb(96,127,105)
rgb(65,157,78)
rgb(55,120,118)
rgb(47,153,117)
rgb(71,100,133)
rgb(68,162,113)
rgb(72,169,58)
rgb(36,111,87)
rgb(41,133,91)
rgb(51,137,93)
rgb(55,130,121)
rgb(71,141,43)
rgb(48,126,140)
rgb(95,127,22)
rgb(84,122,38)
rgb(30,178,110)
rgb(71,200,30)
rgb(78,151,131)
rgb(95,124,142)
rgb(62,104,76)
rgb(61,183,96)
rgb(56,176,45)
rgb(63,191,95)
rgb(99,117,61)
rgb(61,161,70)
rgb(58,132,66)
rgb(67,153,31)
rgb(56,187,28)
rgb(86,104,30)
rgb(95,125,49)
rgb(39,179,19)
rgb(64,119,3)
rgb(81,183,57)
rgb(56,186,17)
rgb(92,102,135)
rgb(75,109,37)
rgb(74,140,31)
rgb(35,148,120)
rgb(95,200,132)
rgb(70,123,60)
rgb(54,103,100)
rgb(79,191,73)
rgb(89,124,54)
rgb(100,113,27)
rgb(59,175,31)
rgb(63,117,142)
rgb(30,168,112)
rgb(30,196,74)
rgb(81,150,112)
rgb(62,106,14)
rgb(66,163,34)
rgb(66,189,121)
rgb(82,153,115)
rgb(82,192,71)
rgb(54,191,114)
rgb(88,183,78)
rgb(71,157,67)
rgb(51,152,108)
rgb(94,157,12)
rgb(69,178,85)
rgb(39,110,127)
rgb(57,172,81)
rgb(51,111,80)
rgb(79,116,47)
rgb(40,108,113)
rgb(55,157,128)
rgb(48,145,13)
rgb(68,160,103)
rgb(94,108,135)
rgb(38,181,18)
rgb(66,113,7)
rgb(71,152,23)