rgb(107,28,16)
rgb(175,32,96)
rgb(192,1,148)
rgb(173,36,72)
rgb(129,17,211)
rgb(244,19,198)
rgb(201,2,89)
rgb(50,47,215)
rgb(234,7,218)
rgb(101,47,157)
rgb(77,4,28)
rgb(197,22,193)
rgb(146,17,218)
rgb(191,42,55)
rgb(85,24,40)
rgb(92,16,50)
rgb(74,11,64)
rgb(136,47,97)
rgb(245,19,46)
rgb(198,3,92)
rgb(231,27,164)
rgb(183,24,18)
rgb(126,30,9)
rgb(205,14,159)
rgb(179,12,106)
rgb(168,21,73)
rgb(228,39,52)
rgb(169,19,63)
rgb(222,0,77)
rgb(161,31,220)
rgb(209,26,116)
rgb(220,49,151)
rgb(145,38,115)
rgb(53,49,134)
rgb(122,19,149)
rgb(250,49,85)
rgb(159,28,111)
rgb(95,37,107)
rgb(125,16,149)
rgb(60,32,94)
rgb(252,35,76)
rgb(88,50,104)
rgb(160,32,153)
rgb(175,3,75)
rgb(97,27,96)
rgb(69,33,82)
rgb(242,41,102)
rgb(198,14,122)
rgb(134,46,53)
rgb(224,23,67)
rgb(129,14,196)
rgb(56,45,37)
rgb(236,32,157)
rgb(60,45,180)
rgb(123,45,180)
rgb(127,23,71)
rgb(127,41,24)
rgb(220,8,181)
rgb(210,36,81)
rgb(52,5,199)
rgb(66,5,28)
rgb(140,24,31)
rgb(112,15,132)
rgb(108,18,119)
rgb(215,36,4)
rgb(108,32,148)
rgb(61,3,37)
rgb(250,1,23)
rgb(189,6,104)
rgb(236,16,24)
rgb(61,30,67)
rgb(72,24,91)
rgb(240,25,86)
rgb(189,26,202)
rgb(236,44,5)
rgb(163,22,63)
rgb(88,20,86)
rgb(191,32,99)
rgb(88,4,134)
rgb(142,3,8)
rgb(96,47,108)
rgb(245,11,205)
rgb(224,26,110)
rgb(92,46,75)
rgb(175,18,56)
rgb(117,41,213)
rgb(57,40,36)
rgb(100,28,26)
rgb(216,2,78)
rgb(67,41,66)
rgb(172,47,79)
rgb(234,18,90)
rgb(179,1,184)
rgb(74,46,78)
rgb(230,8,202)
rgb(90,20,130)
rgb(193,22,69)
rgb(83,38,80)
rgb(182,15,115)
rgb(230,36,32)